0,0,800,1920,580,-0.15,0,0
0,0,-25000,10,51100,-0.1,0,0
0,1910,-25000,10,51100,-0.1,0,0
0,0,-25100,1920,1000,-0.1,0,0
0,100,400,1400,40,-0.15,0,0
0,300,700,100,50,-0.15,0,0
0,500,550,50,300,-0.15,0,0
0,550,650,10,210,-0.15,0,0
0,950,700,350,100,0.0,0,0
0,1280,400,70,250,-0.15,0,0
0,1350,680,400,120,0.0,0,0
0,1750,600,160,200,0.0,0,0
0,1750,350,160,20,-0.15,0,0
0,1680,200,20,20,-0.15,0,0
0,1750,100,160,20,-0.15,0,0
0,1500,0,150,20,-0.15,0,0
0,1600,500,50,20,-0.15,0,0
0,1300,300,100,100,-0.15,0,0
0,1200,200,40,20,-0.15,0,0
0,1100,100,100,300,-0.15,0,0
0,1050,250,50,150,-0.15,0,0
0,100,200,200,20,-0.2,0,0
0,100,50,100,20,-0.15,0,0
0,200,-100,100,20,-0.15,0,0
0,400,-100,100,20,-0.15,0,0
0,550,-200,50,20,-0.15,0,0
0,700,-350,100,20,-0.15,0,0
0,1125,-500,20,150,-0.15,0,0
0,1125,-270,225,20,-0.15,0,0
0,1250,-400,50,20,-0.15,0,0
0,1250,-550,50,20,-0.15,0,0
0,1500,-350,50,10,-0.15,0,0
0,1700,-400,20,10,-0.15,0,0
0,1800,-550,120,10,-0.15,0,0
0,1900,-600,10,50,-0.15,0,0
0,1800,-750,50,20,-0.15,0,0
0,1600,-900,100,20,-0.15,0,0
0,1400,-900,100,20,-0.15,0,0
0,1200,-1000,100,20,-0.15,0,0
0,980,-900,20,300,-0.15,0,0
0,950,-1120,30,20,-0.15,0,0
0,980,-1500,20,400,-0.15,0,0
0,100,-600,300,20,-0.15,0,0
0,450,-600,200,20,-0.15,0,0
0,750,-600,250,20,-0.15,0,0
0,700,-1010,170,20,-0.15,0,0
0,750,-900,100,50,-0.15,0,0
0,800,-700,100,100,-0.15,0,0
0,650,-750,100,20,-0.15,0,0
0,400,-1200,300,250,-0.15,0,0
0,200,-700,50,100,-0.15,0,0
0,400,-850,100,100,-0.15,0,0
0,100,-800,25,25,-0.15,0,0
0,0,-850,50,100,-0.15,0,0
0,200,-950,100,20,-0.15,0,0
0,380,-1100,20,20,-0.15,0,0
0,800,-1300,100,20,-0.15,0,0
0,600,-1400,100,20,0.0,0,0
0,0,-1350,100,50,-0.15,0,0
0,200,-1350,100,50,-0.15,0,0
0,800,-1500,200,40,-0.15,0,0
0,550,-1500,50,20,-0.15,0,0
0,350,-1550,50,20,-0.15,0,0
0,300,-1450,50,20,-0.15,0,0
0,0,-1600,200,20,-0.15,0,0
0,350,-1700,60,20,-0.15,0,0
0,500,-1800,200,20,-0.15,0,0
0,1700,-1500,210,20,-0.15,0,0
0,1700,-1650,100,20,-0.15,0,0
0,1700,-1800,50,20,-0.15,0,0
0,1400,-1900,200,20,-0.15,0,0
0,1050,-2000,200,20,-0.15,0,0
0,800,-2000,100,20,0.0,0,0
0,500,-2100,100,20,0.0,0,0
0,200,-2200,100,20,0.0,0,0
0,550,-2300,100,20,0.0,0,0
0,900,-2400,100,20,0.0,0,0
0,1200,-2500,100,20,0.0,0,0
0,1550,-2650,200,20,-0.15,0,0
0,0,-2800,200,20,-0.15,0,0
0,400,-2800,200,20,-0.15,0,0
0,850,-2800,300,20,-0.15,0,0
0,1550,-2800,360,20,-0.15,0,0
0,1400,-2900,50,20,-0.15,0,0
0,1300,-2900,50,20,-0.15,0,0
0,400,-3000,800,20,0.0,0,0
0,380,-3100,20,120,-0.15,0,0
0,380,-3300,20,161,-0.15,0,0
0,0,-3050,150,20,-0.15,0,0
0,280,-3050,100,20,-0.15,0,0
0,100,-3200,100,20,0.0,0,0
0,350,-3300,100,20,-0.15,0,0
0,450,-3300,600,20,0.0,0,0
0,1000,-3400,100,20,-0.15,0,0
0,1000,-3500,20,100,-0.15,0,0
0,1200,-3550,20,250,-0.15,0,0
0,1200,-3700,20,75,-0.15,0,0
0,1700,-3400,150,20,-0.15,0,0
0,1700,-3550,150,20,-0.15,0,0
0,1700,-3700,150,20,-0.15,0,0
0,1400,-3800,200,20,0.0,0,0
0,1000,-3900,200,20,0.0,0,0
0,110,-3900,180,20,0.0,0,0
0,100,-3800,100,20,0.0,0,0
0,200,-3800,20,20,-0.3,0,0
0,50,-4000,20,20,-0.15,0,0
0,10,-4150,20,20,-0.15,0,0
0,100,-4250,20,20,-0.15,0,0
0,150,-4400,20,20,-0.15,0,0
0,250,-4550,20,20,-0.15,0,0
0,400,-4400,20,20,-0.15,0,0
0,550,-4400,20,20,-0.15,0,0
0,700,-4550,20,20,-0.15,0,0
0,800,-4700,20,20,-0.15,0,0
0,1300,-4700,200,20,-0.25,0,0
0,1750,-4850,20,20,-0.15,0,0
0,1600,-4970,20,20,-0.15,0,0
0,1400,-4850,20,20,-0.15,0,0
0,1250,-4900,20,20,-0.15,0,0
0,1350,-5050,20,20,-0.15,0,0
0,200,-4850,20,20,-0.15,0,0
0,400,-4700,20,20,-0.15,0,0
0,350,-4800,20,20,-0.15,0,0
0,600,-4100,20,20,-0.15,0,0
0,1500,-4150,20,20,-0.15,0,0
0,1650,-4750,20,20,-0.15,0,0
0,1750,-4300,20,20,-0.15,0,0
0,1500,-4450,20,20,-0.15,0,0
0,1600,-4600,20,20,-0.15,0,0
0,250,-4750,20,20,-0.15,0,0
0,600,-4200,20,20,-0.15,0,0
0,500,-4250,20,20,-0.15,0,0
0,350,-3800,20,20,-0.15,0,0
0,1150,-5100,150,40,-0.15,0,0
0,1450,-5100,200,40,-0.15,0,0
0,1700,-5100,150,40,-0.15,0,0
0,1890,-6500,20,1400,-0.15,0,0
0,600,-5100,150,40,-0.15,0,0
0,300,-5100,200,40,-0.15,0,0
0,0,-5100,100,40,-0.15,0,0
0,1450,-5400,150,150,-0.15,0,0
0,1750,-5250,100,20,-0.15,0,0
0,1750,-5550,20,300,-0.15,0,0
0,1770,-5400,20,20,-0.15,0,0
0,1650,-5600,50,20,-0.15,0,0
0,1350,-5500,50,20,-0.15,0,0
0,1150,-5400,20,200,-0.15,0,0
0,730,-5400,20,300,-0.15,0,0
0,550,-5300,50,20,-0.15,0,0
0,500,-5450,20,20,-0.15,0,0
0,300,-5500,40,20,-0.15,0,0
0,100,-5600,50,20,-0.15,0,0
0,50,-5250,50,20,-0.15,0,0
0,200,-5400,50,20,-0.15,0,0
0,600,-5200,50,20,-0.15,0,0
0,100,-5700,50,20,-0.15,0,0
0,150,-5800,20,120,-0.15,0,0
0,0,-5850,40,20,-0.15,0,0
0,100,-6000,20,20,-0.15,0,0
0,175,-6100,100,20,-0.15,0,0
0,400,-6000,100,20,-0.15,0,0
0,600,-6100,20,40,0.0,0,0
0,650,-6200,20,40,0.0,0,0
0,700,-6300,50,20,-0.15,0,0
0,730,-6300,20,700,-0.15,0,0
0,250,-6200,20,20,-0.15,0,0
0,200,-6300,20,20,-0.15,0,0
0,100,-6400,20,20,-0.15,0,0
0,200,-6500,20,20,-0.15,0,0
0,300,-6600,100,20,-0.15,0,0
0,500,-6700,50,20,-0.15,0,0
0,650,-6800,50,20,-0.15,0,0
0,730,-6800,20,400,-0.15,0,0
0,1150,-6000,20,500,-0.15,0,0
0,1150,-6000,100,20,-0.15,0,0
0,1450,-5800,20,100,-0.15,0,0
0,1500,-5900,100,20,-0.15,0,0
0,1700,-6000,100,20,-0.15,0,0
0,1800,-6150,50,20,-0.15,0,0
0,1150,-6500,20,400,-0.15,0,0
0,1170,-6400,40,20,-0.15,0,0
0,1250,-6600,100,100,-0.15,0,0
0,1450,-6400,100,20,-0.15,0,0
0,1650,-6550,50,20,-0.15,0,0
0,1750,-6700,20,40,-0.15,0,0
0,1850,-6850,20,40,-0.15,0,0
0,1500,-6900,100,20,-0.15,0,0
0,1150,-11000,20,4400,-0.15,0,0
0,730,-11000,20,4100,-0.15,0,0
0,700,-7000,20,40,-0.15,0,0
0,600,-6900,20,40,-0.15,0,0
0,450,-7100,200,20,-0.15,0,0
0,300,-7150,20,40,-0.15,0,0
0,0,-7250,200,20,-0.15,0,0
0,250,-7400,20,40,0.0,0,0
0,300,-7500,200,20,-0.15,0,0
0,600,-7650,150,20,-0.15,0,0
0,500,-7800,20,40,0.0,0,0
0,400,-7900,100,20,-0.15,0,0
0,0,-8000,100,20,-0.15,0,0
0,200,-8100,50,20,-0.15,0,0
0,350,-8200,50,20,-0.15,0,0
0,150,-8300,50,20,-0.15,0,0
0,300,-8450,50,20,-0.15,0,0
0,450,-8600,50,20,-0.15,0,0
0,600,-8750,20,40,0.0,0,0
0,700,-8850,20,40,0.0,0,0
0,600,-9000,20,40,0.0,0,0
0,600,-9100,20,40,0.0,0,0
0,600,-9200,20,40,0.0,0,0
0,200,-8900,20,40,0.0,0,0
0,200,-9000,20,40,0.0,0,0
0,200,-9100,20,40,0.0,0,0
0,350,-9200,20,40,0.0,0,0
0,500,-9300,20,40,0.0,0,0
0,600,-9400,20,40,0.0,0,0
0,500,-9500,20,40,0.0,0,0
0,450,-9650,20,40,0.0,0,0
0,550,-9800,20,40,0.0,0,0
0,600,-9950,20,40,0.0,0,0
0,700,-10100,20,40,0.0,0,0
0,600,-10200,20,40,0.0,0,0
0,550,-10300,20,40,0.0,0,0
0,400,-10400,20,40,0.0,0,0
0,250,-10500,20,40,0.0,0,0
0,100,-10600,20,40,0.0,0,0
0,200,-10750,20,40,0.0,0,0
0,300,-10900,20,40,0.0,0,0
0,400,-11000,200,40,0.0,0,0
0,1750,-7000,20,40,-0.15,0,0
0,1600,-7000,20,40,-0.15,0,0
0,1400,-7000,20,40,-0.15,0,0
0,1300,-7100,20,40,-0.15,0,0
0,1400,-7200,20,40,-0.15,0,0
0,1300,-7300,20,40,-0.15,0,0
0,1200,-7400,20,40,-0.15,0,0
0,1250,-7550,20,40,-0.15,0,0
0,1300,-7700,20,40,-0.15,0,0
0,1400,-7850,20,40,-0.15,0,0
0,1450,-8000,20,40,-0.15,0,0
0,1550,-8100,20,40,-0.15,0,0
0,1600,-8200,20,40,-0.15,0,0
0,1600,-8350,20,40,-0.15,0,0
0,1500,-8500,20,40,-0.15,0,0
0,1450,-8650,20,40,-0.15,0,0
0,1550,-8800,20,40,-0.15,0,0
0,1400,-8900,20,40,-0.15,0,0
0,1300,-9000,20,40,-0.15,0,0
0,1200,-9100,20,40,-0.15,0,0
0,1250,-9200,20,40,-0.15,0,0
0,1300,-9300,20,40,-0.15,0,0
0,1400,-9400,20,40,-0.15,0,0
0,1500,-9500,20,40,-0.15,0,0
0,1600,-9600,20,40,-0.15,0,0
0,1700,-9700,20,40,-0.15,0,0
0,1800,-9800,20,40,-0.15,0,0
0,1700,-9900,20,40,-0.15,0,0
0,1500,-9800,20,40,-0.15,0,0
0,1400,-9900,20,40,-0.15,0,0
0,1500,-10000,20,40,-0.15,0,0
0,1500,-10100,20,40,-0.15,0,0
0,1600,-10200,20,40,-0.15,0,0
0,1600,-10300,20,40,-0.15,0,0
0,1500,-10450,20,40,-0.15,0,0
0,1400,-10600,20,40,-0.15,0,0
0,1300,-10750,20,40,-0.15,0,0
0,1200,-10900,20,40,-0.15,0,0
0,1150,-11000,50,40,-0.15,0,0
0,1300,-11000,200,40,-0.15,0,0
0,1600,-11100,50,20,-0.15,0,0
0,1790,-11200,50,20,-0.15,0,0
0,1700,-11300,50,20,-0.15,0,0
0,1550,-11450,50,20,-0.15,0,0
0,1300,-11600,200,200,-0.15,0,0
0,1200,-11700,50,20,-0.15,0,0
0,1150,-11700,20,500,-0.15,0,0
0,730,-11800,20,650,-0.25,0,0
0,650,-11800,100,20,-0.25,0,0
0,500,-11900,50,20,-0.15,0,0
0,350,-12000,100,20,-0.15,0,0
0,0,-12100,200,20,-0.15,0,0
0,0,-12200,20,20,-0.15,0,0
0,100,-12300,50,20,-0.15,0,0
0,300,-12400,50,20,-0.15,0,0
0,450,-12500,50,20,-0.15,0,0
0,450,-12650,50,20,-0.15,0,0
0,550,-12800,50,20,-0.15,0,0
0,100,-12800,300,20,-0.15,0,0
0,200,-13100,200,200,-0.15,0,0
0,600,-12950,50,20,0.0,0,0
0,400,-13000,20,20,-0.15,0,0
0,50,-13250,50,20,-0.15,0,0
0,600,-13350,150,20,-0.15,0,0
0,730,-13350,20,1400,-0.15,0,0
0,1150,-13400,20,1600,-0.15,0,0
0,0,-12800,30,20,-0.15,0,0
0,0,-12950,30,20,-0.15,0,0
0,0,-13100,30,20,-0.15,0,0
0,50,-13400,50,20,-0.15,0,0
0,1300,-13400,100,20,-0.25,0,0
0,1500,-13450,50,20,-0.15,0,0
0,1600,-13500,100,20,-0.15,0,0
0,1400,-13600,100,20,-0.15,0,0
0,1550,-13700,100,20,-0.15,0,0
0,1800,-13800,100,20,-0.15,0,0
0,1600,-13900,100,20,-0.15,0,0
0,1450,-14000,100,20,-0.15,0,0
0,1350,-14100,100,20,-0.15,0,0
0,1150,-14200,100,20,-0.15,0,0
0,1300,-14350,100,20,-0.15,0,0
0,1500,-14500,100,20,-0.15,0,0
0,1250,-14600,100,20,-0.15,0,0
0,1500,-14700,100,20,-0.15,0,0
0,1700,-14850,100,20,-0.15,0,0
0,1800,-15000,100,20,-0.15,0,0
0,1150,-15000,300,20,-0.15,0,0
0,0,-15000,750,1500,-0.15,0,0
0,1150,-15000,20,1400,-0.15,0,0
0,1700,-15100,50,20,-0.15,0,0
0,1850,-15200,50,20,-0.15,0,0
0,1600,-15300,150,20,-0.15,0,0
0,1400,-15400,100,20,-0.15,0,0
0,500,-15400,150,20,-0.15,0,0
0,0,-15500,200,20,-0.15,0,0
0,300,-15600,100,20,0.0,0,0
0,1200,-15600,200,20,0.0,0,0
0,1380,-15620,20,20,0.0,0,0
0,1200,-15700,100,20,-0.15,0,0
0,900,-15800,200,20,-0.15,0,0
0,700,-15900,100,20,-0.15,0,0
0,400,-16000,150,20,0.0,0,0
0,400,-16100,150,20,0.0,0,0
0,1400,-16090,200,20,0.0,0,0
0,1580,-16110,20,20,0.0,0,0
0,1400,-16250,200,20,0.0,0,0
0,400,-16240,200,20,0.0,0,0
0,400,-16340,20,100,0.0,0,0
0,500,-16400,100,20,0.0,0,0
0,1300,-16390,100,20,0.0,0,0
0,1380,-16490,20,100,0.0,0,0
0,1700,-16600,100,20,0.0,0,0
0,1000,-16700,400,20,0.0,0,0
0,800,-16800,300,20,0.0,0,0
0,200,-16900,400,20,0.0,0,0
0,400,-17000,40,20,0.0,0,0
0,600,-17100,40,20,0.0,0,0
0,800,-17200,40,20,0.0,0,0
0,1000,-17300,100,20,0.0,0,0
0,1400,-17400,40,20,0.0,0,0
0,1600,-17500,100,20,0.0,0,0
0,1400,-17600,40,20,0.0,0,0
0,1200,-17700,40,20,0.0,0,0
0,1000,-17800,40,20,0.0,0,0
0,600,-17900,100,20,0.0,0,0
0,400,-18000,40,20,0.0,0,0
0,10,-18100,190,20,0.0,0,0
0,400,-18200,100,20,0.0,0,0
0,800,-18300,40,20,0.0,0,0
0,1000,-18400,40,20,0.0,0,0
0,1200,-18500,40,20,0.0,0,0
0,1400,-18600,40,20,0.0,0,0
0,1600,-18700,40,20,0.0,0,0
0,1800,-18800,110,20,0.0,0,0
0,1400,-18900,200,20,0.0,0,0
0,1500,-19000,40,20,0.0,0,0
0,575,-19100,950,20,-0.15,0,0
0,575,-20000,20,400,0.0,0,0
0,575,-19500,20,400,0.0,0,0
0,100,-19500,475,20,0.0,0,0
0,1400,-19200,100,20,0.0,0,0
0,100,-21500,20,2500,0.0,0,0
0,10,-18800,90,20,-0.15,0,0
0,300,-18800,100,20,0.0,0,0
0,500,-18800,100,20,0.0,0,0
0,800,-18800,100,20,0.0,0,0
0,1000,-18800,100,20,0.0,0,0
0,1200,-19300,40,20,0.0,0,0
0,1200,-19450,200,20,0.0,0,0
0,100,-19600,40,20,0.0,0,0
0,100,-19700,40,20,0.0,0,0
0,100,-19800,40,20,0.0,0,0
0,100,-19900,40,20,0.0,0,0
0,150,-20000,100,20,0.0,0,0
0,400,-20000,1200,20,0.0,0,0
0,1600,-21000,20,750,0.0,0,0
0,900,-20100,200,20,0.0,0,0
0,1600,-20200,20,220,0.0,0,0
0,1600,-20200,310,20,0.0,0,0
0,1700,-20300,20,40,0.0,0,0
0,1700,-20450,20,40,0.0,0,0
0,1700,-20600,20,40,0.0,0,0
0,1700,-20750,20,40,0.0,0,0
0,1700,-20900,20,40,0.0,0,0
0,1700,-21000,20,40,0.0,0,0
0,500,-22000,20,450,0.0,0,0
0,500,-21500,20,500,0.0,0,0
0,500,-21000,1100,20,0.0,0,0
0,1600,-21100,40,40,0.0,0,0
0,1400,-21200,40,40,0.0,0,0
0,1200,-21300,40,40,0.0,0,0
0,1000,-21400,40,40,0.0,0,0
0,100,-21450,400,20,0.0,0,0
0,100,-21600,40,40,0.0,0,0
0,300,-21700,40,40,0.0,0,0
0,460,-21800,40,40,0.0,0,0
0,300,-21900,40,40,0.0,0,0
0,100,-21900,40,40,0.0,0,0
0,140,-22000,1500,20,0.0,0,0
0,1620,-23000,20,360,0.0,0,0
0,1620,-22600,20,600,0.0,0,0
0,1620,-22600,290,20,0.0,0,0
0,300,-22100,40,40,0.0,0,0
0,500,-22200,40,40,0.0,0,0
0,700,-22300,40,40,0.0,0,0
0,900,-22400,40,40,0.0,0,0
0,1200,-22500,100,40,0.0,0,0
0,1700,-22700,10,20,0.0,0,0
0,1800,-22800,10,20,0.0,0,0
0,1870,-22900,40,20,0.0,0,0
0,1730,-23000,10,20,0.0,0,0
0,1570,-23100,10,20,0.0,0,0
0,1430,-23200,10,20,0.0,0,0
0,1310,-23300,10,20,0.0,0,0
0,1270,-23400,40,20,0.0,0,0
0,1130,-23500,10,20,0.0,0,0
0,970,-23600,40,20,0.0,0,0
0,670,-23700,20,20,0.0,0,0
0,500,-23900,60,60,-0.15,0,1
